220
443
1027
441
1329
204
1632
536
564
1326
1318
1209
503
1736
1301
1648
452
1389
831
1633
365
193
931
664
1589
321
1487
1275
387
705
1152
1297
1028
353
358
1341
125
1110
1524
907
3
1145
332
650
597
1444
1867
1857
1118
1159
909
789
942
189
1742
772
144
1578
1001
1146
767
1832
997
1677
536
442
416
592
963
1964
509
1371
1078
1202
309
129
953
237
1699
1394
920
1945
1013
1405
977
1252
65
859
1026
55
1081
323
812
998
648
1821
1528
73
1187
652
1414
1108
1053
765
1675
351
194
1095
257
1269
850
1196
786
1916
763
608
183
540
1904
599
1052
969
1312
903
1733
677
1203
1388
555
829
612
1788
1265
42
148
1062
101
1574
1262
1561
689
460
876
1324
1197
176
1938
1506
1594
350
627
1140
956
1857
519
291
957
1788
374
360
1216
239
840
1565
47
1611
1224
52
1973
454
40
1149
778
1629
386
1554
1171
186
566
807
609
1417
930
1024
140
173
557
983
164
194
1834
636
1456
858
1679
199
1391
558
1325
1755
149
1621
443
268
399
1128
1113
446
1465
1689
1217
1926
829
1824
289
323
1865
1424
1973
159
830
1441
1820
1189
1627
1418
695
495
1983
725
603
1970
233
1852
1344
406
1634
468
111
869
792
1891
480
1964
1265
1853
1222
851
658
1269
165
1189
1289
1000
121
1663
215
1019
145
486
476
754
698
879
1782
385
1084
629
1370
1734
1045
982
29
783
287
1308
1556
278
1701
536
806
1465
21
1802
911
1092
1780
834
1290
879
1184
1607
963
904
1094
798
1351
337
287
319
1329
1168
1360
1691
1699
400
345
1339
1280
1098
1844
1003
336
808
1039
302
1627
1757
1490
342
305
664
1388
1638
1692
1743
1002
2000
1852
1021
1577
517
1970
1549
691
1727
1980
125
196
163
927
178
305
1682
1959
1568
1608
314
1308
1536
804
1875
1230
243
1451
26
1706
1527
17
1598
381
502
1596
662
883
973
725
1148
220
265
1876
1088
1160
353
677
1368
168
13
1673
1440
1074
377
1890
1858
252
1356
602
1310
507
1993
1898
729
1063
383
1831
1876
40
629
1427
537
823
1971
1117
410
731
278
1479
899
1399
367
181
113
394
1303
1075
1378
771
653
439
576
1379
1338
1341
1722
1880
480
962
357
213
859
938
994
302
77
815
1799
1613
1905
727
1710
1051
909
418
892
1569
431
43
829
1213
897
1244
1087
677
1041
1610
1513
28
1516
1835
1456
851
4
294
87
647
688
1080
1492
1137
1138
1336
773
389
1563
764
860
602
1032
269
404
297
857
1805
457
545
525
252
1681
1324
991
1557
79
1513
113
488
245
914
1006
240
601
1656
1447
1656
371
1780
726
1096
964
941
259
804
1318
773
242
1842
1833
512
716
670
230
927
1288
268
1184
1277
1407
685
1512
1335
634
720
377
547
1522
39
1787
847
436
305
963
909
1800
1629
1162
290
859
1423
196
965
480
1083
733
582
1292
1260
508
1635
820
1596
1971
14
651
1018
1137
1456
935
1410
836
1848
993
1123
992
924
57
1608
46
1985
1631
1729
1519
882
1765
1486
982
36
205
294
1054
399
1699
28
1097
1284
1581
941
302
765
325
288
1723
238
226
789
630
1407
159
59
627
710
1769
1756
699
15
943
330
1100
134
11
405
1917
1915
370
1428
80
1987
194
1853
560
1487
421
1739
1436
937
1275
896
1384
91
125
417
1004
541
1151
133
968
493
1481
461
266
1219
366
1685
227
107
29
1496
500
279
367
584
1397
170
610
1682
584
1766
182
695
238
1089
707
882
1547
763
1571
247
1094
1500
1239
1152
1070
1389
1826
1909
451
248
1496
818
1509
561
1300
1472
546
1955
1083
779
982
728
614
1837
554
1602
432
96
1731
819
663
13
1681
831
133
975
137
7
1794
582
1428
1428
1305
684
1793
438
933
1786
1698
1177
178
329
868
981
494
1691
1315
465
232
1848
98
1594
1647
950
1516
263
1098
859
166
912
592
839
854
596
180
81
525
1691
1808
428
1351
471
160
120
1572
97
968
1269
646
814
1764
200
749
739
186
1965
1547
845
1425
645
244
369
1219
847
1670
505
1950
964
1384
1028
1054
1211
757
1733
960
116
970
730
1139
742
1013
1832
1899
207
1238
92
782
1313
1018
1667
1535
381
385
884
1188
1590
525
48
1705
1909
1991
318
19
152
1116
748
1347
894
1693
1793
880
342
257
909
388
648
703
1761
212
1670
1562
259
1427
94
390
1727
994
443
1693
1366
220
1272
1507
1506
149
396
1986
1725
478
1184
169
370
1101
1510
396
1070
1216
1750
327
504
1718
241
1748
1036
1314
772
1238
1643
403
1315
1617
188
1536
549
896
606
978
1342
454
601
668
567
1842
994
1253
1318
594
1640
1595
1028
84
897
548
1127
369
1256
603
538
1859
1599
1637
574
1017
433
227
670
1695
777
1863
580
1653
632
94
1020
1926
348
827
780
1788
1186
756
1409
1092
1745
1895
1161
1196
1022
227
1062
1756
699
1477
490
16
1979
1477
770
367
1130
371
834
867
220
611
1839
1949
1713
1667
1801
1410
1659
1649
1853
1620
1826
1735
960
125
1498
1486
709
711
1900
1945
1513
480
96
1365
665
771
936
350
1207
1030
1850
633
1247
1674
568
1693
855
841
277
1008
1556
988
1277
1236
603
765
877
1705
53
630
806
1433
634
746
1760
1441
519
1834
293
635
1937
934
1395
887
181
1046
769
806
1126
965
1212
1597
1226
1271
878
738
1911
827
878
166
1420
1591
355
1270
619
1525
1769
1282
862
403
1891
1760
1551
1102
1399
585
1821
99
905
1459
443
12
401
1960
1970
414
830
1998
70
1224
1205
195
1246
485
1820
1634
1280
1617
698
1629
1138
1375
1032
995
173
402
1326
704
1107
505
1305
1827
644
1357
2
1981
381
1759
331
1875
1847
875
863
366
1724
196
390
1540
482
777
587
119
965
651
397
1040
1429
936
1958
919
1913
665
876
1031
578
1744
1030
1890
537
1457
1998
216
1632
757
701
1121
929
1889
1944
1927
1764
1673
1283
1556
1111
438
970
315
73
271
309
880
1199
1247
183
529
501
207
973
1588
400
44
629
1436
1230
867
251
1515
1872
1575
920
1111
257
660
197
605
55
508
1610
1008
383
1644
262
971
1775
456
325
116
226
934
279
749
1975
1831
1354
254
201
795
1391
1417
1721
934
310
644
956
614
1082
835
199
123
1411
305
1781
1190
445
771
186
254
1174
899
431
1332
511
562
165
116
525
1471
270
1020
1596
1842
834
1779
631
844
516
1312
1452
1622
1513
457
968
1271
1498
10
1476
1053
379
1500
1307
1514
1300
489
362
1390
821
283
1486
920
976
1374
1728
1802
529
137
1988
603
815
60
1235
193
1383
40
1609
32
1745
425
195
346
1484
1140
1925
837
761
167
224
1263
1259
1510
1325
1952
1811
671
547
440
1662
1661
347
586
1817
1676
591
692
1412
1777
445
1947
257
400
213
327
321
684
590
52
189
134
1517
1998
1950
1061
1454
1902
1969
27
122
763
1254
458
1155
1801
1363
1939
1234
1482
1873
1489
263
391
1995
987
1042
25
922
1180
818
1330
1381
605
1666
1768
979
333
1021
509
1539
422
1460
498
919
1850
132
1928
135
1714
946
1711
134
933
1651
261
881
1594
981
1986
631
1279
554
1117
190
1560
46
804
811
1789
1593
912
1859
318
279
1244
997
1470
1498
1378
1367
120
1590
421
1037
467
1357
1005
1764
888
1032
1161
289
481
111
1834
1163
1184
12
649
913
1987
995
451
992
326
1581
1374
1684
137
499
73
62
1973
1731
1966
1600
1574
1431
1771
99
1217
1560
42
789
1504
1355
1185
460
1059
1110
151
1865
244
2
714
1183
937
660
1984
15
1404
1553
486
1935
1843
963
583
1755
113
428
1137
1782
1749
1516
1176
1185
371
636
486
1896
1120
421
1589
1808
1305
648
899
203
147
1024
729
707
1388
1018
1986
1553
124
133
1551
974
925
1401
319
760
1339
59
367
1386
1827
250
1350
1298
1782
306
1197
1054
330
1378
304
754
958
1572
368
830
186
349
551
1684
1081
1583
682
1969
993
106
1734
1100
841
17
84
1667
266
1521
1814
1830
378
693
488
413
537
650
1721
842
1974
1220
1172
720
464
219
955
1079
1051
250
39
25
1145
982
1662
1998
505
1641
640
502
1722
1678
1877
1497
777
1088
1838
158
1840
1185
2
366
693
958
634
357
313
60
1268
688
1697
1124
713
1820
809
1358
573
1098
1189
831
1359
1439
1194
36
572
1193
1657
50
1941
729
162
1870
1209
854
1173
1942
1639
1690
785
659
1401
1464
1634
1847
1414
319
1589
1890
218
1771
374
1351
1040
891
489
1633
302
1456
75
1391
1185
1034
655
1642
1931
1694
1817
1799
1058
332
1236
398
1337
1714
1681
1102
150
6
420
1050
1847
30
1150
1177
546
1924
1642
433
391
1214
1754
1714
935
1881
126
1626
1336
141
585
892
1858
1859
1534
423
1829
1173
1577
736
868
998
1227
493
1512
1658
1244
1669
409
444
448
32
1017
174
1404
1000
1466
992
971
340
602
1400
1718
1873
1660
1445
1371
290
1554
1181
505
1077
801
388
150
9
1117
1819
290
1479
1488
924
1432
977
1334
565
281
1561
1280
1958
999
518
295
556
1398
361
1849
1735
251
1501
216
1617
1155
250
1186
1102
384
780
555
1017
918
253
199
173
1033
1857
219
1173
516
352
1423
483
1629
1190
1890
360
473
1624
90
171
1479
151
1263
921
494
1517
811
294
386
638
1495
75
265
882
961
602
297
525
915
1357
1212
197
607
280
668
1867
977
387
1665
1286
96
1211
1867
724
242
1145
1567
522
188
438
1715
1239
315
1900
1174
1930
94
808
765
1615
763
412
153
1252
1811
713
108
88
1007
144
1109
184
1227
306
1623
966
132
242
1315
430
278
680
1487
1918
1800
1977
20
327
1953
933
806
1131
795
609
1369
1178
1518
217
35
291
93
915
35
70
1489
367
1347
1155
498
1651
62
572
1036
1454
270
1400
208
123
755
11
1524
1560
1650
1750
998
1690
929
387
12
1135
305
1401
160
1390
235
1734
1597
770
225
1611
617
1199
260
1757
1668
1499
340
79
297
1448
1203
1593
575
889
1090
1360
215
206
1692
1058
610
299
1554
853
182
361
1481
756
616
90
135
1182
382
1793
179
552
1720
894
931
841
1007
1503
485
562
645
718
1895
1985
241
961
422
1999
1027
47
997
1152
1293
1482
1951
719
954
703
1705
937
712
1893
1468
1643
461
630
1915
1693
538
462
1436
1997
1822
1920
1405
896
521
115
322
1326
845
352
389
1274
256
1051
975
1559
1193
1884
1452
385
1902
503
1062
1684
1993
137
1399