115
127
193
2
197
192
32
76
196
186
53
41
144
186
171
58
65
101
102
19
73
84
19
80
185
70
11
165
176
94
62
155
177
102
2
24
176
188
18
31
149
127
69
18
152
129
114
102
24
119
142
113
25
34
182
65
139
144
56
7
13
187
8
112
118
193
61
32
8
73
45
181
119
142
170
170
90
168
160
73
200
52
107
115
100
90
31
87
156
25
132
38
22
130
27
161
126
115
160
25
167
162
4
129
56
159
58
134
54
23
107
173
79
20
184
84
58
33
133
140
61
115
66
19
85
172
59
171
67
34
63
160
37
25
158
102
30
155
173
140
152
94
77
129
145
190
12
185
157
12
58
108
34
131
83
167
65
163
26
174
104
178
17
160
73
89
3
23
85
139
183
138
191
38
125
157
18
129
174
15
77
136
102
130
25
151
166
128
79
195
70
54
64
10
77
125
110
17
146
140