2
2
2
3
4
6
7
9
10
11
11
12
12
12
13
13
14
15
15
16
17
17
19
20
21
25
25
26
27
28
28
29
29
30
32
32
35
35
36
36
39
39
40
40
40
42
42
43
44
46
46
47
47
48
50
52
52
53
55
55
57
59
59
60
60
62
62
65
70
70
73
73
73
75
75
77
79
79
80
81
84
84
87
88
90
90
91
92
93
94
94
94
96
96
96
97
98
99
99
101
106
107
108
111
111
113
113
113
115
116
116
116
119
120
120
121
122
123
123
124
125
125
125
125
126
129
132
132
133
133
133
134
134
134
135
135
137
137
137
137
140
141
144
144
145
147
148
149
149
150
150
151
151
152
153
158
159
159
160
160
162
163
164
165
165
166
166
167
168
169
170
171
173
173
173
174
176
178
178
179
180
181
181
182
182
183
183
184
186
186
186
186
188
188
189
189
190
193
193
194
194
194
195
195
196
196
196
197
197
199
199
199
200
201
203
204
205
206
207
207
208
212
213
213
215
215
216
216
217
218
219
219
220
220
220
220
224
225
226
226
227
227
227
230
232
233
235
237
238
238
239
240
241
241
242
242
242
243
244
244
245
247
248
250
250
250
251
251
252
252
253
254
254
256
257
257
257
257
259
259
260
261
262
263
263
265
265
266
266
268
268
269
270
270
271
277
278
278
278
279
279
279
280
281
283
287
287
288
289
289
290
290
290
291
291
293
294
294
294
295
297
297
297
299
302
302
302
302
304
305
305
305
305
305
306
306
309
309
310
313
314
315
315
318
318
319
319
319
321
321
322
323
323
325
325
326
327
327
327
329
330
330
331
332
332
333
336
337
340
340
342
342
345
346
347
348
349
350
350
351
352
352
353
353
355
357
357
358
360
360
361
361
362
365
366
366
366
367
367
367
367
367
368
369
369
370
370
371
371
371
374
374
377
377
378
379
381
381
381
382
383
383
384
385
385
385
386
386
387
387
387
388
388
389
389
390
390
391
391
394
396
396
397
398
399
399
400
400
400
401
402
403
403
404
405
406
409
410
412
413
414
416
417
418
420
421
421
421
422
422
423
425
428
428
430
431
431
432
433
433
436
438
438
438
439
440
441
442
443
443
443
443
444
445
445
446
448
451
451
452
454
454
456
457
457
458
460
460
461
461
462
464
465
467
468
471
473
476
478
480
480
480
480
481
482
483
485
485
486
486
486
488
488
489
489
490
493
493
494
494
495
498
498
499
500
501
502
502
503
503
504
505
505
505
505
507
508
508
509
509
511
512
516
516
517
518
519
519
521
522
525
525
525
525
525
529
529
536
536
536
537
537
537
538
538
540
541
545
546
546
547
547
548
549
551
552
554
554
555
555
556
557
558
560
561
562
562
564
565
566
567
568
572
572
573
574
575
576
578
580
582
582
583
584
584
585
585
586
587
590
591
592
592
594
596
597
599
601
601
602
602
602
602
603
603
603
603
605
605
606
607
608
609
609
610
610
611
612
614
614
616
617
619
627
627
629
629
629
630
630
630
631
631
632
633
634
634
634
635
636
636
638
640
644
644
645
645
646
647
648
648
648
649
650
650
651
651
652
653
655
658
659
660
660
662
663
664
664
665
665
668
668
670
670
671
677
677
677
680
682
684
684
685
688
688
689
691
692
693
693
695
695
698
698
699
699
701
703
703
704
705
707
707
709
710
711
712
713
713
714
716
718
719
720
720
724
725
725
726
727
728
729
729
729
730
731
733
736
738
739
742
746
748
749
749
754
754
755
756
756
757
757
760
761
763
763
763
763
764
765
765
765
765
767
769
770
770
771
771
771
772
772
773
773
777
777
777
778
779
780
780
782
783
785
786
789
789
789
792
795
795
798
801
804
804
804
806
806
806
806
807
808
808
809
811
811
812
814
815
815
818
818
819
820
821
823
827
827
829
829
829
830
830
830
831
831
831
834
834
834
835
836
837
839
840
841
841
841
842
844
845
845
847
847
850
851
851
853
854
854
855
857
858
859
859
859
859
860
862
863
867
867
868
868
869
875
876
876
877
878
878
879
879
880
880
881
882
882
882
883
884
887
888
889
891
892
892
894
894
896
896
896
897
897
899
899
899
903
904
905
907
909
909
909
909
911
912
912
913
914
915
915
918
919
919
920
920
920
921
922
924
924
925
927
927
929
929
930
931
931
933
933
933
934
934
934
935
935
936
936
937
937
937
938
941
941
942
943
946
950
953
954
955
956
956
957
958
958
960
960
961
961
962
963
963
963
963
964
964
965
965
965
966
968
968
968
969
970
970
971
971
973
973
974
975
975
976
977
977
977
978
979
981
981
982
982
982
982
983
987
988
991
992
992
992
993
993
994
994
994
995
995
997
997
997
998
998
998
999
1000
1000
1001
1002
1003
1004
1005
1006
1007
1007
1008
1008
1013
1013
1017
1017
1017
1018
1018
1018
1019
1020
1020
1021
1021
1022
1024
1024
1026
1027
1027
1028
1028
1028
1030
1030
1031
1032
1032
1032
1033
1034
1036
1036
1037
1039
1040
1040
1041
1042
1045
1046
1050
1051
1051
1051
1052
1053
1053
1054
1054
1054
1058
1058
1059
1061
1062
1062
1062
1063
1070
1070
1074
1075
1077
1078
1079
1080
1081
1081
1082
1083
1083
1084
1087
1088
1088
1089
1090
1092
1092
1094
1094
1095
1096
1097
1098
1098
1098
1100
1100
1101
1102
1102
1102
1107
1108
1109
1110
1110
1111
1111
1113
1116
1117
1117
1117
1118
1120
1121
1123
1124
1126
1127
1128
1130
1131
1135
1137
1137
1137
1138
1138
1139
1140
1140
1145
1145
1145
1146
1148
1149
1150
1151
1152
1152
1152
1155
1155
1155
1159
1160
1161
1161
1162
1163
1168
1171
1172
1173
1173
1173
1174
1174
1176
1177
1177
1178
1180
1181
1182
1183
1184
1184
1184
1184
1185
1185
1185
1185
1186
1186
1187
1188
1189
1189
1189
1190
1190
1193
1193
1194
1196
1196
1197
1197
1199
1199
1202
1203
1203
1205
1207
1209
1209
1211
1211
1212
1212
1213
1214
1216
1216
1217
1217
1219
1219
1220
1222
1224
1224
1226
1227
1227
1230
1230
1234
1235
1236
1236
1238
1238
1239
1239
1244
1244
1244
1246
1247
1247
1252
1252
1253
1254
1256
1259
1260
1262
1263
1263
1265
1265
1268
1269
1269
1269
1270
1271
1271
1272
1274
1275
1275
1277
1277
1279
1280
1280
1280
1282
1283
1284
1286
1288
1289
1290
1292
1293
1297
1298
1300
1300
1301
1303
1305
1305
1305
1307
1308
1308
1310
1312
1312
1313
1314
1315
1315
1315
1318
1318
1318
1324
1324
1325
1325
1326
1326
1326
1329
1329
1330
1332
1334
1335
1336
1336
1337
1338
1339
1339
1341
1341
1342
1344
1347
1347
1350
1351
1351
1351
1354
1355
1356
1357
1357
1357
1358
1359
1360
1360
1363
1365
1366
1367
1368
1369
1370
1371
1371
1374
1374
1375
1378
1378
1378
1379
1381
1383
1384
1384
1386
1388
1388
1388
1389
1389
1390
1390
1391
1391
1391
1394
1395
1397
1398
1399
1399
1399
1400
1400
1401
1401
1401
1404
1404
1405
1405
1407
1407
1409
1410
1410
1411
1412
1414
1414
1417
1417
1418
1420
1423
1423
1424
1425
1427
1427
1428
1428
1428
1429
1431
1432
1433
1436
1436
1436
1439
1440
1441
1441
1444
1445
1447
1448
1451
1452
1452
1454
1454
1456
1456
1456
1456
1457
1459
1460
1464
1465
1465
1466
1468
1470
1471
1472
1476
1477
1477
1479
1479
1479
1481
1481
1482
1482
1484
1486
1486
1486
1487
1487
1487
1488
1489
1489
1490
1492
1495
1496
1496
1497
1498
1498
1498
1499
1500
1500
1501
1503
1504
1506
1506
1507
1509
1510
1510
1512
1512
1513
1513
1513
1513
1514
1515
1516
1516
1516
1517
1517
1518
1519
1521
1522
1524
1524
1525
1527
1528
1534
1535
1536
1536
1539
1540
1547
1547
1549
1551
1551
1553
1553
1554
1554
1554
1556
1556
1556
1557
1559
1560
1560
1560
1561
1561
1562
1563
1565
1567
1568
1569
1571
1572
1572
1574
1574
1575
1577
1577
1578
1581
1581
1583
1588
1589
1589
1589
1590
1590
1591
1593
1593
1594
1594
1594
1595
1596
1596
1596
1597
1597
1598
1599
1600
1602
1607
1608
1608
1609
1610
1610
1611
1611
1613
1615
1617
1617
1617
1620
1621
1622
1623
1624
1626
1627
1627
1629
1629
1629
1629
1631
1632
1632
1633
1633
1634
1634
1634
1635
1637
1638
1639
1640
1641
1642
1642
1643
1643
1644
1647
1648
1649
1650
1651
1651
1653
1656
1656
1657
1658
1659
1660
1661
1662
1662
1663
1665
1666
1667
1667
1667
1668
1669
1670
1670
1673
1673
1674
1675
1676
1677
1678
1679
1681
1681
1681
1682
1682
1684
1684
1684
1685
1689
1690
1690
1691
1691
1691
1692
1692
1693
1693
1693
1693
1694
1695
1697
1698
1699
1699
1699
1701
1705
1705
1705
1706
1710
1711
1713
1714
1714
1714
1715
1718
1718
1720
1721
1721
1722
1722
1723
1724
1725
1727
1727
1728
1729
1731
1731
1733
1733
1734
1734
1734
1735
1735
1736
1739
1742
1743
1744
1745
1745
1748
1749
1750
1750
1754
1755
1755
1756
1756
1757
1757
1759
1760
1760
1761
1764
1764
1764
1765
1766
1768
1769
1769
1771
1771
1775
1777
1779
1780
1780
1781
1782
1782
1782
1786
1787
1788
1788
1788
1789
1793
1793
1793
1794
1799
1799
1800
1800
1801
1801
1802
1802
1805
1808
1808
1811
1811
1814
1817
1817
1819
1820
1820
1820
1821
1821
1822
1824
1826
1826
1827
1827
1829
1830
1831
1831
1832
1832
1833
1834
1834
1834
1835
1837
1838
1839
1840
1842
1842
1842
1843
1844
1847
1847
1847
1848
1848
1849
1850
1850
1852
1852
1853
1853
1853
1857
1857
1857
1858
1858
1859
1859
1859
1863
1865
1865
1867
1867
1867
1870
1872
1873
1873
1875
1875
1876
1876
1877
1880
1881
1884
1889
1890
1890
1890
1890
1891
1891
1893
1895
1895
1896
1898
1899
1900
1900
1902
1902
1904
1905
1909
1909
1911
1913
1915
1915
1916
1917
1918
1920
1924
1925
1926
1926
1927
1928
1930
1931
1935
1937
1938
1939
1941
1942
1944
1945
1945
1947
1949
1950
1950
1951
1952
1953
1955
1958
1958
1959
1960
1964
1964
1965
1966
1969
1969
1970
1970
1970
1971
1971
1973
1973
1973
1974
1975
1977
1979
1980
1981
1983
1984
1985
1985
1986
1986
1986
1987
1987
1988
1991
1993
1993
1995
1997
1998
1998
1998
1998
1999
2000
