2
2
3
4
7
8
8
10
11
12
12
13
15
17
17
18
18
18
19
19
19
20
22
23
23
24
24
25
25
25
25
25
26
27
30
31
31
32
32
33
34
34
34
37
38
38
41
45
52
53
54
54
56
56
58
58
58
58
59
61
61
62
63
64
65
65
65
66
67
69
70
70
73
73
73
73
76
77
77
77
79
79
80
83
84
84
85
85
87
89
90
90
94
94
100
101
102
102
102
102
102
104
107
107
108
110
112
113
114
115
115
115
115
118
119
119
125
125
126
127
127
128
129
129
129
129
130
130
131
132
133
134
136
138
139
139
140
140
140
142
142
144
144
145
146
149
151
152
152
155
155
156
157
157
158
159
160
160
160
160
161
162
163
165
166
167
167
168
170
170
171
171
172
173
173
174
174
176
176
177
178
181
182
183
184
185
185
186
186
187
188
190
191
192
193
193
195
196
197
200
